0.0999773 
0.199977 
0.299977 
0.399977 -27.4
0.499977 -27.4
0.599977 -27.4
0.699977 -30.7
0.799977 -22.3
0.899977 -22.2
0.999977 -22.1
1.099977 -22.0
1.199977 -32.1
1.299977 -20.2
1.399977 -20.1
1.499977 -20.1
1.599977 -20.1
1.699977 -32.6
1.799977 -28.7
1.899977 -25.7
1.999977 -24.3
2.099977 -24.4
2.199977 -20.7
2.299977 -19.0
2.399977 -19.4
2.499977 -19.4
2.599977 -22.3
2.699977 -19.5
2.799977 -19.4
2.899977 -19.3
2.999977 -19.3
3.099977 -29.7
3.199977 -19.5
3.299977 -19.5
3.399977 -19.6
3.499977 -19.6
3.599977 -34.9
3.699977 -33.5
3.799977 -31.6
3.899977 -29.2
3.999977 -28.1
4.099977 -20.4
4.199977 -18.7
4.299977 -18.7
4.399977 -18.7
4.499977 -22.4
4.599977 -19.6
4.699977 -19.6
4.799977 -19.6
4.899977 -19.4
4.999977 -26.9
5.099977 -18.6
5.199977 -18.7
5.299977 -18.7
5.399977 -18.7
5.499977 -28.2
5.599977 -26.6
5.699977 -26.1
5.799977 -25.1
5.899977 -24.6
5.999977 -21.0
6.099977 -19.7
6.199977 -19.7
6.299977 -19.7
6.399977 -22.6
6.499977 -19.5
6.599977 -19.4
6.699977 -19.5
6.799977 -19.1
6.899977 -24.5
6.999977 -18.9
7.099977 -18.7
7.199977 -16.5
7.299977 -16.2
7.399977 -16.8
7.499977 -15.6
7.599977 -17.0
7.699977 -16.8
7.799977 -18.3
7.899977 -19.5
7.999977 -18.5
8.099977 -19.0
8.199977 -19.0
8.299977 -20.9
8.399977 -18.0
8.499977 -17.6
8.599977 -17.7
8.699977 -17.3
8.799977 -21.6
8.899977 -17.4
8.999977 -17.4
9.099977 -17.5
9.199977 -17.4
9.299977 -23.4
9.399977 -22.0
9.499977 -20.6
9.599977 -20.1
9.699977 -20.0
9.799977 -18.9
9.899977 -16.9
9.999977 -17.2
10.099977 -17.0
10.199977 -18.4
10.299977 -17.7
10.399977 -17.1
10.499977 -17.3
10.599977 -16.8
10.699977 -20.2
10.799977 -17.1
10.899977 -16.9
10.999977 -17.1
11.099977 -17.1
11.199977 -22.9
11.299977 -22.6
11.399977 -23.0
11.499977 -22.6
11.599977 -21.7
11.699977 -20.4
11.799977 -18.0
11.899977 -17.8
11.999977 -17.7
12.099977 -19.2
12.199977 -18.1
12.299977 -17.4
12.399977 -17.7
12.499977 -16.9
12.599977 -19.5
12.699977 -16.5
12.799977 -16.5
12.899977 -16.8
12.999977 -16.6
13.099977 -21.1
13.199977 -19.4
13.299977 -18.9
13.399977 -18.8
13.499977 -18.7
13.599977 -19.0
13.699977 -15.9
13.799977 -15.7
13.899977 -15.6
13.999977 -16.2
14.099977 -17.3
14.199977 -16.6
14.299977 -17.0
14.399977 -16.0
14.499977 -17.5
14.599977 -15.8
14.699977 -15.3
14.799977 -14.2
14.899977 -13.8
14.999977 -12.8
15.099977 -11.1
15.199977 -10.9
15.299977 -10.0
15.399977 -10.2
15.499977 -10.6
15.599977 -10.3
15.699977 -10.3
15.799977 -10.2
15.899977 -10.3
15.999977 -10.7
16.099977 -11.1
16.199977 -12.2
16.299977 -11.6
16.399977 -12.1
16.499977 -11.8
16.599977 -11.5
16.699977 -12.2
16.799977 -11.5
16.899977 -12.6
16.999977 -12.2
17.099977 -11.9
17.199977 -11.7
17.299977 -10.9
17.399977 -11.5
17.499977 -11.6
17.599977 -12.0
17.699977 -11.7
17.799977 -11.4
17.899977 -11.9
17.999977 -12.1
18.099977 -14.0
18.199977 -12.2
18.299977 -12.4
18.399977 -11.9
18.499977 -11.2
18.599977 -12.3
18.699977 -11.6
18.799977 -12.7
18.899977 -13.4
18.999977 -14.5
19.099977 -14.6
19.199977 -12.7
19.299977 -13.2
19.399977 -11.9
19.499977 -12.1
19.599977 -12.0
19.699977 -11.3
19.799977 -12.2
19.899977 -12.6
19.999977 -14.8
20.099977 -12.9
20.199977 -12.7
20.299977 -12.2
20.399977 -11.6
20.499977 -12.8
20.599977 -12.1
20.699977 -12.9
20.799977 -12.5
20.899977 -12.1
20.999977 -12.0
21.099977 -11.0
21.199977 -11.6
21.299977 -11.8
21.399977 -12.2
21.499977 -12.2
21.599977 -11.5
21.699977 -12.3
21.799977 -12.4
21.899977 -14.5
21.999977 -12.9
22.099977 -12.5
22.199977 -12.6
22.299977 -11.7
22.399977 -12.4
22.499977 -11.7
22.599977 -11.9
22.699977 -11.3
22.799977 -11.7
22.899977 -11.8
22.999977 -11.0
23.099977 -12.2
23.199977 -11.6
23.299977 -12.0
23.399977 -12.1
23.499977 -11.3
23.599977 -12.2
23.699977 -12.3
23.799977 -14.2
23.899977 -12.7
23.999977 -12.4
24.099977 -12.5
24.199977 -11.5
24.299977 -12.8
24.399977 -12.0
24.499977 -12.4
24.599977 -12.6
24.699977 -11.7
24.799977 -12.0
24.899977 -10.9
24.999977 -11.5
25.099977 -11.6
25.199977 -11.8
25.299977 -11.9
25.399977 -11.1
25.499977 -12.1
25.599977 -12.1
25.699977 -13.9
25.799977 -12.8
25.899977 -12.3
25.999977 -12.7
26.099977 -11.5
26.199977 -12.9
26.299977 -12.0
26.399977 -12.2
26.499977 -13.2
26.599977 -13.4
26.699977 -14.9
26.799977 -12.8
26.899977 -13.1
26.999977 -11.8
27.099977 -11.6
27.199977 -11.9
27.299977 -11.2
27.399977 -12.4
27.499977 -12.0
27.599977 -13.7
27.699977 -12.7
27.799977 -11.9
27.899977 -12.4
27.999977 -11.1
28.099977 -11.5
28.199977 -11.0
28.299977 -11.4
28.399977 -12.2
28.499977 -12.2
28.599977 -12.5
28.699977 -11.1
28.799977 -11.4
28.899977 -11.5
28.999977 -12.0
29.099977 -12.6
29.199977 -11.5
29.299977 -12.4
29.399977 -11.9
29.499977 -12.5
29.599977 -12.2
29.699977 -11.3
29.799977 -11.9
29.899977 -12.0
29.999977 -13.7
30.099977 -15.1
30.199977 -16.5
30.299977 -15.3
30.399977 -13.4
30.499977 -11.6
30.599977 -10.5
30.699977 -10.5
30.799977 -10.2
30.899977 -10.5
30.999977 -10.4
31.099977 -10.5
31.199977 -10.9
31.299977 -11.1
31.399977 -11.5
31.499977 -11.0
31.599977 -11.0
31.699977 -11.5
31.799977 -11.2
31.899977 -12.4
31.999977 -12.0
32.099977 -11.7
32.199977 -11.8
32.299977 -10.7
32.399977 -10.8
32.499977 -10.5
32.599977 -10.7
32.699977 -11.5
32.799977 -11.3
32.899977 -11.4
32.999977 -11.3
33.099977 -11.2
33.199977 -11.4
33.299977 -11.5
33.399977 -10.9
33.499977 -10.7
33.599977 -11.3
33.699977 -11.2
33.799977 -12.3
33.899977 -11.8
33.999977 -11.6
34.099977 -11.8
34.199977 -11.0
34.299977 -10.9
34.399977 -10.3
34.499977 -10.6
34.599977 -10.8
34.699977 -11.5
34.799977 -11.9
34.899977 -11.6
34.999977 -12.1
35.099977 -11.6
35.199977 -12.2
35.299977 -11.5
35.399977 -11.1
35.499977 -12.0
35.599977 -11.4
35.699977 -12.5
35.799977 -12.2
35.899977 -11.8
35.999977 -11.7
36.099977 -10.9
36.199977 -11.0
36.299977 -10.4
36.399977 -10.8
36.499977 -11.4
36.599977 -11.4
36.699977 -11.6
36.799977 -11.4
36.899977 -11.3
36.999977 -11.2
37.099977 -11.7
37.199977 -11.0
37.299977 -10.7
37.399977 -11.4
37.499977 -11.1
37.599977 -11.5
37.699977 -11.1
37.799977 -10.8
37.899977 -11.1
37.999977 -11.0
38.099977 -11.5
38.199977 -10.8
38.299977 -11.0
38.399977 -11.3
38.499977 -11.5
38.599977 -11.8
38.699977 -11.6
38.799977 -11.9
38.899977 -11.5
38.999977 -12.2
39.099977 -11.9
39.199977 -11.3
39.299977 -11.8
39.399977 -11.2
39.499977 -12.0
39.599977 -11.9
39.699977 -11.7
39.799977 -12.1
39.899977 -11.1
39.999977 -11.4
40.099977 -10.8
40.199977 -10.9
40.299977 -11.7
40.399977 -11.4
40.499977 -11.3
40.599977 -11.2
40.699977 -11.0
40.799977 -11.3
40.899977 -11.8
40.999977 -11.3
41.099977 -10.9
41.199977 -11.4
41.299977 -11.1
41.399977 -11.6
41.499977 -11.5
41.599977 -11.3
41.699977 -11.8
41.799977 -11.1
41.899977 -11.2
41.999977 -10.4
42.099977 -10.4
42.199977 -10.8
42.299977 -11.4
42.399977 -11.8
42.499977 -11.6
42.599977 -11.9
42.699977 -11.3
42.799977 -12.0
42.899977 -11.8
42.999977 -11.3
43.099977 -12.1
43.199977 -11.5
43.299977 -11.9
43.399977 -12.0
43.499977 -11.6
43.599977 -11.7
43.699977 -11.0
43.799977 -11.0
43.899977 -10.4
43.999977 -10.6
44.099977 -11.5
44.199977 -12.4
44.299977 -13.6
44.399977 -12.9
44.499977 -12.5
44.599977 -12.5
44.699977 -12.4
44.799977 -12.4
44.899977 -11.7
44.999977 -11.9
45.099977 -12.5
45.199977 -14.1
45.299977 -15.4
45.399977 -14.6
45.499977 -14.0
45.599977 -12.7
45.699977 -12.0
45.799977 -11.0
45.899977 -10.9
45.999977 -11.2
46.099977 -11.5
46.199977 -12.1
46.299977 -11.8
46.399977 -11.6
46.499977 -11.4
46.599977 -11.7
46.699977 -11.8
46.799977 -11.4
46.899977 -11.9
46.999977 -11.3
47.099977 -11.8
47.199977 -11.9
47.299977 -11.6
47.399977 -12.0
47.499977 -11.1
47.599977 -11.1
47.699977 -10.7
47.799977 -10.7
47.899977 -11.5
47.999977 -11.6
48.099977 -11.6
48.199977 -11.3
48.299977 -11.0
48.399977 -11.1
48.499977 -11.5
48.599977 -11.3
48.699977 -11.0
48.799977 -11.2
48.899977 -11.0
48.999977 -11.5
49.099977 -11.6
49.199977 -11.3
49.299977 -11.8
49.399977 -11.3
49.499977 -10.9
49.599977 -10.3
49.699977 -10.2
49.799977 -10.8
49.899977 -11.3
49.999977 -12.0
50.099977 -11.5
50.199977 -11.4
50.299977 -11.0
50.399977 -11.4
50.499977 -11.7
50.599977 -11.4
50.699977 -11.9
50.799977 -11.7
50.899977 -11.9
50.999977 -12.1
51.099977 -11.7
51.199977 -11.6
51.299977 -11.1
51.399977 -10.8
51.499977 -10.3
51.599977 -10.4
51.699977 -11.3
51.799977 -11.7
51.899977 -12.1
51.999977 -11.7
52.099977 -11.2
52.199977 -11.2
52.299977 -11.3
52.399977 -11.4
52.499977 -11.1
52.599977 -11.2
52.699977 -11.1
52.799977 -11.3
52.899977 -11.3
52.999977 -11.1
53.099977 -11.1
53.199977 -10.7
53.299977 -10.6
53.399977 -10.2
53.499977 -10.3
53.599977 -11.1
53.699977 -11.4
53.799977 -11.7
53.899977 -11.5
53.999977 -11.0
54.099977 -11.2
54.199977 -11.3
54.299977 -11.6
54.399977 -11.3
54.499977 -11.2
54.599977 -11.6
54.699977 -11.6
54.799977 -11.8
54.899977 -11.8
54.999977 -11.7
55.099977 -10.9
55.199977 -10.5
55.299977 -10.3
55.399977 -10.3
55.499977 -11.1
55.599977 -12.3
55.699977 -12.8
55.799977 -12.7
55.899977 -13.0
55.999977 -12.8
56.099977 -12.9
56.199977 -13.7
56.299977 -13.5
56.399977 -14.0
56.499977 -13.9
56.599977 -13.4
56.699977 -13.5
56.799977 -13.3
56.899977 -14.1
56.999977 -13.4
57.099977 -12.4
57.199977 -12.2
57.299977 -12.3
57.399977 -13.7
57.499977 -15.6
57.599977 -15.4
57.699977 -15.5
57.799977 -15.4
57.899977 -15.8
57.999977 -17.3
58.099977 -16.5
58.199977 -16.5
58.299977 -16.3
58.399977 -16.6
58.499977 -17.3
58.599977 -16.8
58.699977 -16.7
58.799977 -16.5
58.899977 -16.9
58.999977 -17.3
59.099977 -17.3
59.199977 -17.3
59.299977 -17.4
59.399977 -17.9
59.499977 -18.1
59.599977 -18.4
59.699977 -18.4
59.799977 -18.5
59.899977 -18.9
59.999977 -18.9
60.099977 -18.9
60.199977 -18.6
60.299977 -17.0
60.399977 -15.7
60.499977 -13.7
60.599977 -12.1
60.699977 -11.4
60.799977 -10.6
60.899977 -10.6
60.999977 -10.7
61.099977 -10.6
61.199977 -10.8
61.299977 -10.6
61.399977 -10.5
61.499977 -10.4
61.599977 -10.6
61.699977 -10.7
61.799977 -10.9
61.899977 -11.3
61.999977 -10.8
62.099977 -11.0
62.199977 -11.3
62.299977 -10.9
62.399977 -10.8
62.499977 -10.8
62.599977 -10.7
62.699977 -10.7
62.799977 -10.7
62.899977 -10.6
62.999977 -10.4
63.099977 -11.2
63.199977 -11.6
63.299977 -11.5
63.399977 -11.2
63.499977 -10.9
63.599977 -11.0
63.699977 -11.2
63.799977 -12.0
63.899977 -11.2
63.999977 -11.2
64.099977 -11.4
64.199977 -10.8
64.299977 -10.8
64.399977 -10.5
64.499977 -10.2
64.599977 -10.3
64.699977 -10.7
64.799977 -10.4
64.899977 -10.3
64.999977 -10.9
65.099977 -11.2
65.199977 -11.7
65.299977 -11.7
65.399977 -11.4
65.499977 -11.5
65.599977 -11.6
65.699977 -12.1
65.799977 -11.2
65.899977 -11.2
65.999977 -11.5
66.099977 -11.2
66.199977 -11.6
66.299977 -11.2
66.399977 -10.7
66.499977 -10.6
66.599977 -10.5
66.699977 -10.5
66.799977 -10.6
66.899977 -11.2
66.999977 -11.6
67.099977 -11.6
67.199977 -11.4
67.299977 -11.1
67.399977 -11.2
67.499977 -11.4
67.599977 -11.9
67.699977 -11.0
67.799977 -11.1
67.899977 -11.5
67.999977 -11.0
68.099977 -11.4
68.199977 -10.9
68.299977 -10.6
68.399977 -10.6
68.499977 -10.7
68.599977 -10.6
68.699977 -10.4
68.799977 -11.1
68.899977 -11.4
68.999977 -11.7
69.099977 -11.5
69.199977 -11.2
69.299977 -11.1
69.399977 -11.3
69.499977 -12.0
69.599977 -11.1
69.699977 -11.1
69.799977 -11.5
69.899977 -10.9
69.999977 -11.3
70.099977 -10.9
70.199977 -10.5
70.299977 -10.7
70.399977 -10.6
70.499977 -10.6
70.599977 -10.5
70.699977 -11.0
70.799977 -11.5
70.899977 -11.9
70.999977 -11.9
71.099977 -11.6
71.199977 -11.5
71.299977 -11.4
71.399977 -11.8
71.499977 -11.1
71.599977 -11.0
71.699977 -11.6
71.799977 -11.3
71.899977 -11.5
71.999977 -11.0
72.099977 -10.6
72.199977 -10.5
72.299977 -10.7
72.399977 -10.6
72.499977 -10.3
72.599977 -10.8
72.699977 -11.3
72.799977 -11.8
72.899977 -12.1
72.999977 -11.8
73.099977 -11.7
73.199977 -11.6
73.299977 -11.8
73.399977 -11.0
73.499977 -10.9
73.599977 -11.5
73.699977 -11.1
73.799977 -11.4
73.899977 -10.9
73.999977 -10.6
74.099977 -10.6
74.199977 -10.6
74.299977 -10.9
74.399977 -10.5
74.499977 -10.9
74.599977 -11.7
74.699977 -13.0
74.799977 -14.0
74.899977 -13.7
74.999977 -13.6
75.099977 -12.4
75.199977 -12.5
75.299977 -11.8
75.399977 -11.3
75.499977 -11.0
75.599977 -9.8
75.699977 -9.9
75.799977 -9.5
75.899977 -9.5
75.999977 -10.1
76.099977 -10.1
76.199977 -10.4
76.299977 -10.3
76.399977 -10.5
76.499977 -10.9
76.599977 -10.8
76.699977 -10.8
76.799977 -10.9
76.899977 -10.9
76.999977 -10.9
77.099977 -11.3
77.199977 -10.8
77.299977 -10.8
77.399977 -11.4
77.499977 -11.3
77.599977 -11.3
77.699977 -10.9
77.799977 -10.8
77.899977 -10.6
77.999977 -10.8
78.099977 -11.1
78.199977 -10.6
78.299977 -11.0
78.399977 -11.4
78.499977 -11.6
78.599977 -11.7
78.699977 -11.7
78.799977 -11.7
78.899977 -11.4
78.999977 -11.9
79.099977 -11.5
79.199977 -11.1
79.299977 -11.7
79.399977 -11.1
79.499977 -11.1
79.599977 -10.8
79.699977 -10.5
79.799977 -10.8
79.899977 -10.7
79.999977 -11.0
80.099977 -10.4
80.199977 -10.6
80.299977 -11.4
80.399977 -11.6
80.499977 -11.7
80.599977 -11.8
80.699977 -11.5
80.799977 -11.1
80.899977 -11.7
80.999977 -11.4
81.099977 -11.0
81.199977 -11.8
81.299977 -11.3
81.399977 -11.1
81.499977 -10.7
81.599977 -10.5
81.699977 -10.4
81.799977 -10.5
81.899977 -10.7
81.999977 -10.3
82.099977 -10.7
82.199977 -11.3
82.299977 -11.7
82.399977 -11.7
82.499977 -11.7
82.599977 -11.5
82.699977 -11.2
82.799977 -11.7
82.899977 -11.4
82.999977 -11.1
83.099977 -11.7
83.199977 -11.1
83.299977 -11.1
83.399977 -10.6
83.499977 -10.3
83.599977 -10.6
83.699977 -10.4
83.799977 -10.9
83.899977 -10.3
83.999977 -10.6
84.099977 -11.3
84.199977 -11.5
84.299977 -11.8
84.399977 -11.6
84.499977 -11.3
84.599977 -11.1
84.699977 -11.6
84.799977 -11.5
84.899977 -11.2
84.999977 -11.8
85.099977 -11.4
85.199977 -11.2
85.299977 -10.9
85.399977 -10.6
85.499977 -10.7
85.599977 -10.7
85.699977 -10.9
85.799977 -10.4
85.899977 -10.7
85.999977 -11.2
86.099977 -11.6
86.199977 -11.7
86.299977 -11.6
86.399977 -11.4
86.499977 -11.1
86.599977 -11.5
86.699977 -11.5
86.799977 -11.1
86.899977 -11.7
86.999977 -11.4
87.099977 -11.3
87.199977 -10.9
87.299977 -10.6
87.399977 -10.6
87.499977 -10.5
87.599977 -10.6
87.699977 -10.0
87.799977 -10.3
87.899977 -10.9
87.999977 -11.6
88.099977 -12.2
88.199977 -11.9
88.299977 -11.5
88.399977 -11.1
88.499977 -11.3
88.599977 -11.3
88.699977 -11.0
88.799977 -11.5
88.899977 -11.4
88.999977 -11.2
89.099977 -10.9
89.199977 -10.6
89.299977 -10.6
89.399977 -10.7
89.499977 -10.8
89.599977 -10.4
89.699977 -10.6
89.799977 -11.2
89.899977 -11.4
89.999977 -11.7
90.099977 -11.4
90.199977 -11.2
90.299977 -11.0
90.399977 -11.3
90.499977 -11.6
90.599977 -11.2
90.699977 -12.2
90.799977 -11.3
90.899977 -10.4
90.999977 -10.1
91.099977 -9.6
91.199977 -10.0
91.299977 -10.4
91.399977 -10.6
91.499977 -10.1
91.599977 -10.1
91.699977 -10.2
91.799977 -10.3
91.899977 -10.5
91.999977 -10.5
92.099977 -10.7
92.199977 -10.5
92.299977 -11.0
92.399977 -11.1
92.499977 -10.8
92.599977 -11.4
92.699977 -11.2
92.799977 -11.7
92.899977 -12.0
92.999977 -11.8
93.099977 -12.2
93.199977 -11.5
93.299977 -11.2
93.399977 -10.6
93.499977 -10.4
93.599977 -11.0
93.699977 -11.3
93.799977 -11.8
93.899977 -11.4
93.999977 -11.1
94.099977 -11.2
94.199977 -11.5
94.299977 -12.2
94.399977 -11.5
94.499977 -11.9
94.599977 -11.6
94.699977 -11.8
94.799977 -12.5
94.899977 -12.2
94.999977 -12.7
95.099977 -11.5
95.199977 -10.9
95.299977 -10.3
95.399977 -10.1
95.499977 -10.9
95.599977 -11.2
95.699977 -11.9
95.799977 -11.5
95.899977 -11.2
95.999977 -11.2
96.099977 -11.6
96.199977 -12.5
96.299977 -11.6
96.399977 -12.1
96.499977 -11.5
96.599977 -11.6
96.699977 -12.5
96.799977 -12.2
96.899977 -12.7
96.999977 -11.6
97.099977 -11.2
97.199977 -10.6
97.299977 -10.4
97.399977 -11.2
97.499977 -11.4
97.599977 -11.8
97.699977 -11.3
97.799977 -11.0
97.899977 -11.0
97.999977 -11.5
98.099977 -12.6
98.199977 -11.6
98.299977 -11.9
98.399977 -11.5
98.499977 -10.9
98.599977 -11.2
98.699977 -10.9
98.799977 -10.8
98.899977 -10.6
98.999977 -10.8
99.099977 -10.5
99.199977 -10.6
99.299977 -11.2
99.399977 -11.3
99.499977 -11.5
99.599977 -11.2
99.699977 -11.0
99.799977 -11.4
99.899977 -11.5
99.999977 -12.6
100.099977 -11.6
100.199977 -11.6
100.299977 -11.7
100.399977 -11.5
100.499977 -12.3
100.599977 -12.2
100.699977 -12.4
100.799977 -11.8
100.899977 -11.4
100.999977 -10.9
101.099977 -10.5
101.199977 -11.1
101.299977 -11.0
101.399977 -11.0
101.499977 -10.7
101.599977 -10.5
101.699977 -11.0
101.799977 -11.3
101.899977 -12.5
101.999977 -11.5
102.099977 -11.6
102.199977 -11.9
102.299977 -11.6
102.399977 -12.6
102.499977 -12.5
102.599977 -12.4
102.699977 -11.7
102.799977 -11.0
102.899977 -10.5
102.999977 -10.2
103.099977 -10.9
103.199977 -11.0
103.299977 -11.5
103.399977 -11.1
103.499977 -10.8
103.599977 -11.3
103.699977 -11.3
103.799977 -12.6
103.899977 -11.6
103.999977 -11.6
104.099977 -11.6
104.199977 -11.5
104.299977 -12.6
104.399977 -12.3
104.499977 -12.5
104.599977 -11.8
104.699977 -11.1
104.799977 -10.7
104.899977 -10.3
104.999977 -10.7
105.099977 -10.7
105.199977 -11.1
105.299977 -10.9
105.399977 -10.7
105.499977 -11.1
105.599977 -11.2
105.699977 -12.3
105.799977 -11.6
105.899977 -11.7
105.999977 -11.1
106.099977 -10.4
106.199977 -10.5
106.299977 -10.2
106.399977 -10.5
106.499977 -10.6
106.599977 -10.5
106.699977 -10.5
106.799977 -10.4
106.899977 -10.6
106.999977 -10.5
107.099977 -10.4
107.199977 -10.3
107.299977 -10.3
107.399977 -10.7
107.499977 -11.0
107.599977 -11.9
107.699977 -11.1
107.799977 -11.3
107.899977 -11.9
107.999977 -11.5
108.099977 -12.9
108.199977 -12.3
108.299977 -12.0
108.399977 -11.9
108.499977 -11.1
108.599977 -11.1
108.699977 -10.7
108.799977 -11.2
108.899977 -11.3
108.999977 -11.4
109.099977 -11.3
109.199977 -10.9
109.299977 -11.2
109.399977 -11.3
109.499977 -12.3
109.599977 -11.3
109.699977 -11.3
109.799977 -12.0
109.899977 -11.5
109.999977 -13.1
110.099977 -12.5
110.199977 -12.2
110.299977 -12.0
110.399977 -10.9
110.499977 -10.8
110.599977 -10.5
110.699977 -10.9
110.799977 -11.0
110.899977 -11.5
110.999977 -11.3
111.099977 -11.0
111.199977 -11.5
111.299977 -11.3
111.399977 -12.2
111.499977 -11.4
111.599977 -11.3
111.699977 -11.9
111.799977 -11.5
111.899977 -13.1
111.999977 -12.5
112.099977 -12.2
112.199977 -12.1
112.299977 -11.2
112.399977 -11.0
112.499977 -10.6
112.599977 -10.8
112.699977 -11.1
112.799977 -11.6
112.899977 -11.5
112.999977 -11.3
113.099977 -11.5
113.199977 -11.2
113.299977 -12.0
113.399977 -11.3
113.499977 -11.1
113.599977 -11.8
113.699977 -11.4
113.799977 -11.8
113.899977 -11.5
113.999977 -11.2
114.099977 -10.7
114.199977 -10.7
114.299977 -10.6
114.399977 -10.3
114.499977 -10.9
114.599977 -10.9
114.699977 -11.3
114.799977 -11.3
114.899977 -11.1
114.999977 -11.5
115.099977 -11.1
115.199977 -11.9
115.299977 -11.3
115.399977 -11.0
115.499977 -11.8
115.599977 -11.3
115.699977 -12.3
115.799977 -11.9
115.899977 -11.6
115.999977 -11.8
116.099977 -10.9
116.199977 -11.2
116.299977 -10.6
116.399977 -10.7
116.499977 -10.8
116.599977 -10.9
116.699977 -11.0
116.799977 -10.8
116.899977 -11.3
116.999977 -11.0
117.099977 -11.9
117.199977 -11.3
117.299977 -11.1
117.399977 -11.7
117.499977 -11.4
117.599977 -12.4
117.699977 -12.0
117.799977 -11.8
117.899977 -11.7
117.999977 -10.9
118.099977 -10.9
118.199977 -10.3
118.299977 -10.4
118.399977 -10.6
118.499977 -11.0
118.599977 -11.1
118.699977 -11.1
118.799977 -11.4
118.899977 -10.9
118.999977 -11.7
119.099977 -11.3
119.199977 -11.0
119.299977 -11.7
119.399977 -11.1
119.499977 -11.7
119.599977 -11.6
119.699977 -11.2
119.799977 -11.4
119.899977 -10.8
119.999977 -10.7
120.099977 -10.3
120.199977 -10.3
120.299977 -10.5
120.399977 -11.0
120.499977 -11.2
120.599977 -11.4
120.699977 -12.1
120.799977 -12.1
120.899977 -13.3
120.999977 -13.3
121.099977 -13.1
121.199977 -13.4
121.299977 -13.0
121.399977 -13.8
121.499977 -14.7
121.599977 -15.4
121.699977 -16.8
121.799977 -16.5
121.899977 -16.5
121.999977 -18.4
122.099977 -19.8
122.199977 -23.5
122.299977 -38.5
122.399977 -39.1
122.499977 -39.5
122.599977 -39.4
122.699977 -39.6
122.799977 -40.5
122.899977 -40.0
122.999977 -39.8
123.099977 -39.6
123.199977 -39.6
123.299977 -41.0
123.399977 -41.8
123.499977 -41.9
123.599977 -42.5
123.699977 -43.4
123.799977 -42.5
123.899977 -39.2
123.999977 -38.2
124.099977 -37.0
124.199977 -37.1
124.299977 -31.4
124.399977 -31.1
124.499977 -31.2
124.599977 -30.8
124.699977 -35.6
124.799977 -32.6
124.899977 -31.9
124.999977 -31.5
125.099977 -30.4
125.199977 -31.1
125.299977 -30.4
125.399977 -30.4
125.499977 -31.2
125.599977 -31.4
125.699977 -32.0
125.799977 -30.9
125.899977 -26.0
125.999977 -25.3
126.099977 -25.3
126.199977 -25.5
126.299977 -24.0
126.399977 -24.1
126.499977 -23.9
126.599977 -23.9
126.699977 -24.0
126.799977 -22.3
126.899977 -21.6
126.999977 -21.1
127.099977 -22.4
127.199977 -24.0
127.299977 -25.4
127.399977 -26.4
127.499977 -28.5
127.599977 -29.0
127.699977 -25.9
127.799977 -25.5
127.899977 -21.7
127.999977 -21.2
128.099977 -20.3
128.199977 -20.2
128.299977 -22.2
128.399977 -20.6
128.499977 -22.2
128.599977 -20.2
128.699977 -19.5
128.799977 -20.8
128.899977 -20.2
128.999977 -21.9
129.099977 -22.4
129.199977 -22.6
129.299977 -23.9
129.399977 -24.4
129.499977 -25.5
129.599977 -24.4
129.699977 -21.2
129.799977 -20.1
129.899977 -20.0
129.999977 -19.8
130.099977 -19.2
130.199977 -19.4
130.299977 -19.1
130.399977 -19.5
130.499977 -20.6
130.599977 -18.9
130.699977 -18.3
130.799977 -18.0
130.899977 -18.5
130.999977 -19.9
131.099977 -20.3
131.199977 -20.9
131.299977 -22.1
131.399977 -23.1
131.499977 -20.9
131.599977 -20.3
131.699977 -17.8
131.799977 -17.4
131.899977 -17.7
131.999977 -17.3
132.099977 -18.9
132.199977 -18.1
132.299977 -18.9
132.399977 -18.2
132.499977 -17.3
132.599977 -18.1
132.699977 -17.7
132.799977 -18.8
132.899977 -19.6
132.999977 -19.6
133.099977 -20.4
133.199977 -20.7
133.299977 -21.1
133.399977 -20.8
133.499977 -19.0
133.599977 -18.2
133.699977 -18.4
133.799977 -18.0
133.899977 -17.3
133.999977 -17.3
134.099977 -16.9
134.199977 -17.5
134.299977 -18.4
134.399977 -17.0
134.499977 -16.6
134.599977 -16.3
134.699977 -16.8
134.799977 -18.6
134.899977 -18.9
134.999977 -19.1
135.099977 -20.0
135.199977 -20.5
135.299977 -18.2
135.399977 -17.5
135.499977 -15.2
135.599977 -14.6
135.699977 -14.9
135.799977 -14.3
135.899977 -15.4
135.999977 -15.1
136.099977 -15.4
136.199977 -15.3
136.299977 -14.2
136.399977 -13.9
136.499977 -13.1
136.599977 -13.6
136.699977 -13.3
136.799977 -13.7
136.899977 -14.6
136.999977 -14.1
137.099977 -14.4
137.199977 -13.5
137.299977 -12.3
137.399977 -11.5
137.499977 -11.4
137.599977 -10.9
137.699977 -10.8
137.799977 -10.9
137.899977 -11.0
137.999977 -12.0
138.099977 -12.0
138.199977 -11.8
138.299977 -11.2
138.399977 -11.2
138.499977 -11.5
138.599977 -11.2
138.699977 -11.3
138.799977 -11.1
138.899977 -11.4
138.999977 -12.8
139.099977 -12.4
139.199977 -11.7
139.299977 -10.9
139.399977 -10.4
139.499977 -10.7
139.599977 -10.9
139.699977 -10.9
139.799977 -11.1
139.899977 -10.7
139.999977 -10.4
140.099977 -10.4
140.199977 -9.8
140.299977 -10.0
140.399977 -10.1
140.499977 -10.5
140.599977 -10.8
140.699977 -10.5
140.799977 -10.7
140.899977 -10.4
140.999977 -10.7
141.099977 -11.3
141.199977 -11.6
141.299977 -12.5
141.399977 -12.1
141.499977 -11.7
141.599977 -11.8
141.699977 -11.7
141.799977 -13.1
141.899977 -13.5
141.999977 -12.9
142.099977 -12.4
142.199977 -12.1
142.299977 -12.4
142.399977 -12.1
142.499977 -12.1
142.599977 -11.7
142.699977 -12.2
142.799977 -13.4
142.899977 -12.8
142.999977 -12.1
143.099977 -10.8
143.199977 -10.2
143.299977 -10.2
143.399977 -10.3
143.499977 -10.4
143.599977 -10.7
143.699977 -10.4
143.799977 -10.3
143.899977 -10.3
143.999977 -9.6
144.099977 -9.9
144.199977 -10.0
144.299977 -10.4
144.399977 -10.6
144.499977 -10.4
144.599977 -10.6
144.699977 -10.2
144.799977 -10.7
144.899977 -11.2
144.999977 -11.4
145.099977 -12.3
145.199977 -11.9
145.299977 -11.5
145.399977 -11.6
145.499977 -11.1
145.599977 -11.8
145.699977 -11.6
145.799977 -11.3
145.899977 -11.5
145.999977 -11.6
146.099977 -12.8
146.199977 -13.1
146.299977 -12.3
146.399977 -11.9
146.499977 -11.8
146.599977 -12.3
146.699977 -13.1
146.799977 -12.3
146.899977 -11.2
146.999977 -10.6
147.099977 -10.4
147.199977 -10.5
147.299977 -10.6
147.399977 -10.4
147.499977 -10.3
147.599977 -10.6
147.699977 -10.6
147.799977 -10.7
147.899977 -11.0
147.999977 -10.8
148.099977 -10.3
148.199977 -10.3
148.299977 -10.0
148.399977 -10.2
148.499977 -10.7
148.599977 -11.0
148.699977 -11.6
148.799977 -11.8
148.899977 -12.9
148.999977 -13.0
149.099977 -12.8
149.199977 -12.9
149.299977 -12.3
149.399977 -13.2
149.499977 -13.1
149.599977 -13.3
149.699977 -12.9
149.799977 -12.2
149.899977 -12.9
149.999977 -12.1
150.099977 -12.7
150.199977 -12.3
150.299977 -11.8
150.399977 -13.0
150.499977 -13.1
150.599977 -13.1
150.699977 -13.2
150.799977 -12.6
150.899977 -12.4
150.999977 -12.9
151.099977 -12.8
151.199977 -13.2
151.299977 -13.3
151.399977 -13.6
151.499977 -14.1
151.599977 -14.0
151.699977 -14.3
151.799977 -14.3
151.899977 -14.5
151.999977 -14.8
152.099977 -15.1
152.199977 -15.7
152.299977 -16.0
152.399977 -16.0
152.499977 -14.3
152.599977 -14.1
152.699977 -11.6
152.799977 -10.0
152.899977 -9.8
152.999977 -9.4
153.099977 -9.9
153.199977 -10.7
153.299977 -10.7
153.399977 -10.4
153.499977 -10.6
153.599977 -11.0
153.699977 -11.2
153.799977 -11.2
153.899977 -10.9
153.999977 -10.8
154.099977 -10.8
154.199977 -10.9
154.299977 -11.1
154.399977 -10.8
154.499977 -11.1
154.599977 -11.2
154.699977 -11.1
154.799977 -11.0
154.899977 -10.9
154.999977 -11.0
155.099977 -10.9
155.199977 -10.7
155.299977 -10.3
155.399977 -10.3
155.499977 -11.0
155.599977 -11.8
155.699977 -12.1
155.799977 -11.8
155.899977 -11.5
155.999977 -11.3
156.099977 -11.5
156.199977 -12.0
156.299977 -11.3
156.399977 -11.5
156.499977 -11.4
156.599977 -11.0
156.699977 -11.1
156.799977 -10.9
156.899977 -11.1
156.999977 -11.0
157.099977 -11.1
157.199977 -10.6
157.299977 -10.4
157.399977 -11.0
157.499977 -11.5
157.599977 -11.9
157.699977 -11.6
157.799977 -11.3
157.899977 -11.1
157.999977 -11.3
158.099977 -12.1
158.199977 -11.3
158.299977 -11.5
158.399977 -11.5
158.499977 -10.8
158.599977 -10.9
158.699977 -10.8
158.799977 -10.9
158.899977 -10.9
158.999977 -10.9
159.099977 -10.6
159.199977 -10.4
159.299977 -11.1
159.399977 -11.8
159.499977 -11.7
159.599977 -11.4
159.699977 -11.1
159.799977 -10.9
159.899977 -11.3
159.999977 -12.1
160.099977 -11.2
160.199977 -11.3
160.299977 -11.3
160.399977 -10.7
160.499977 -10.6
160.599977 -10.5
160.699977 -10.7
160.799977 -10.8
160.899977 -11.1
160.999977 -10.6
161.099977 -10.3
161.199977 -11.0
161.299977 -11.5
161.399977 -11.9
161.499977 -11.6
161.599977 -11.3
161.699977 -11.2
161.799977 -11.3
161.899977 -12.1
161.999977 -11.3
162.099977 -11.4
162.199977 -11.7
162.299977 -11.0
162.399977 -11.2
162.499977 -11.1
162.599977 -10.9
162.699977 -11.0
162.799977 -11.1
162.899977 -11.0
162.999977 -10.8
163.099977 -11.4
163.199977 -11.9
163.299977 -11.9
163.399977 -11.7
163.499977 -11.3
163.599977 -11.3
163.699977 -11.3
163.799977 -12.1
163.899977 -11.3
163.999977 -11.3
164.099977 -11.5
164.199977 -10.8
164.299977 -10.8
164.399977 -10.6
164.499977 -10.6
164.599977 -10.9
164.699977 -11.0
164.799977 -10.7
164.899977 -10.4
164.999977 -11.0
165.099977 -11.5
165.199977 -11.8
165.299977 -11.7
165.399977 -11.4
165.499977 -11.2
165.599977 -11.3
165.699977 -11.9
165.799977 -11.1
165.899977 -11.2
165.999977 -11.5
166.099977 -11.0
166.199977 -11.1
166.299977 -10.9
166.399977 -10.8
166.499977 -10.8
166.599977 -10.8
166.699977 -10.6
166.799977 -10.3
166.899977 -10.8
166.999977 -11.7
167.099977 -13.2
167.199977 -13.6
167.299977 -13.3
167.399977 -13.0
167.499977 -12.2
167.599977 -12.7
167.699977 -11.9
167.799977 -11.6
167.899977 -11.0
167.999977 -10.0
168.099977 -10.0
168.199977 -9.8
168.299977 -9.7
168.399977 -10.1
168.499977 -10.1
168.599977 -10.1
168.699977 -10.3
168.799977 -10.5
168.899977 -10.8
168.999977 -10.9
169.099977 -10.8
169.199977 -10.8
169.299977 -10.8
169.399977 -10.9
169.499977 -11.5
169.599977 -10.9
169.699977 -11.2
169.799977 -11.6
169.899977 -11.2
169.999977 -11.5
170.099977 -11.2
170.199977 -10.9
170.299977 -10.8
170.399977 -10.6
170.499977 -10.6
170.599977 -10.5
170.699977 -11.0
170.799977 -11.6
170.899977 -11.9
170.999977 -11.6
171.099977 -11.3
171.199977 -10.9
171.299977 -10.7
171.399977 -11.1
171.499977 -10.7
171.599977 -11.0
171.699977 -11.5
171.799977 -11.1
171.899977 -11.2
171.999977 -10.9
172.099977 -10.7
172.199977 -10.9
172.299977 -10.9
172.399977 -10.7
172.499977 -10.5
172.599977 -10.7
172.699977 -11.2
172.799977 -11.7
172.899977 -11.6
172.999977 -11.3
173.099977 -10.9
173.199977 -10.8
173.299977 -11.2
173.399977 -10.8
173.499977 -11.0
173.599977 -11.6
173.699977 -11.2
173.799977 -11.3
173.899977 -10.9
173.999977 -10.5
174.099977 -10.5
174.199977 -10.6
174.299977 -10.7
174.399977 -10.6
174.499977 -10.9
174.599977 -11.4
174.699977 -11.5
174.799977 -11.4
174.899977 -11.2
174.999977 -10.8
175.099977 -10.7
175.199977 -11.1
175.299977 -10.6
175.399977 -10.7
175.499977 -11.2
175.599977 -10.7
175.699977 -10.7
175.799977 -10.6
175.899977 -10.5
175.999977 -10.8
176.099977 -11.0
176.199977 -10.9
176.299977 -10.5
176.399977 -10.7
176.499977 -11.1
176.599977 -11.4
176.699977 -11.4
176.799977 -11.3
176.899977 -10.9
176.999977 -10.6
177.099977 -11.0
177.199977 -10.6
177.299977 -10.7
177.399977 -11.4
177.499977 -11.1
177.599977 -11.3
177.699977 -11.0
177.799977 -10.7
177.899977 -10.8
177.999977 -10.6
178.099977 -10.7
178.199977 -10.4
178.299977 -10.6
178.399977 -11.2
178.499977 -11.4
178.599977 -11.3
178.699977 -11.3
178.799977 -10.9
178.899977 -10.6
178.999977 -11.0
179.099977 -10.7
179.199977 -10.7
179.299977 -11.3
179.399977 -10.9
179.499977 -10.7
179.599977 -10.5
179.699977 -10.4
179.799977 -10.6
179.899977 -10.9
179.999977 -10.9
180.099977 -10.6
180.199977 -10.6
180.299977 -10.9
180.399977 -11.0
180.499977 -10.8
180.599977 -11.0
180.699977 -10.6
180.799977 -10.5
180.899977 -11.0
180.999977 -10.7
181.099977 -10.7
181.199977 -11.2
181.299977 -10.9
181.399977 -10.8
181.499977 -10.7
181.599977 -10.5
181.699977 -10.5
181.799977 -10.5
181.899977 -10.6
181.999977 -10.3
182.099977 -10.4
182.199977 -10.8
182.299977 -10.8
182.399977 -10.8
182.499977 -11.0
182.599977 -10.7
182.699977 -10.5
182.799977 -10.8
182.899977 -10.5
182.999977 -10.4
183.099977 -11.1
183.199977 -10.4
183.299977 -10.0
183.399977 -9.9
183.499977 -9.5
183.599977 -9.8
183.699977 -10.2
183.799977 -10.2
183.899977 -10.0
183.999977 -10.6
184.099977 -11.2
184.199977 -12.8
184.299977 -14.4
184.399977 -15.1
184.499977 -16.5
184.599977 -16.8
184.699977 -17.6
184.799977 -16.7
184.899977 -15.9
184.999977 -15.8
185.099977 -16.7
185.199977 -18.2
185.299977 -19.8
185.399977 -20.3
185.499977 -22.0
185.599977 -26.3
185.699977 -30.2
185.799977 -32.7
185.899977 -34.9
185.999977 -38.6
186.099977 -43.2
186.199977 -44.9
186.299977 -48.7
186.399977 -51.2
186.499977 -52.6
186.599977 -54.4
186.699977 -55.9
186.799977 -58.3
186.899977 -60.6
186.999977 -64.7
187.099977 -80.4
187.199977 -82.0
187.299977 -83.7
187.399977 -85.2
187.499977 -86.3
187.599977 -87.3
187.699977 -88.4
187.799977 -89.5
187.899977 -90.2
187.999977 -91.0
188.099977 -92.0
188.199977 -93.1
188.299977 -94.4
